image: map.pgm
resolution: 0.05000000074505806
origin: [-19.29428532833364, -8.900283689734138, 0.0]
negate: 0
occupied_thresh: 0.65
free_thresh: 0.25
